5.861969000000000207e+00
4.225366000000000177e+00
3.081068999999999836e+00
0.000000000000000000e+00
3.025958000000000148e+00
0.000000000000000000e+00
-2.583864000000000161e+00
0.000000000000000000e+00
-3.081068999999999836e+00
-3.025958000000000148e+00
-4.225366000000000177e+00
-4.849239999999999995e+00
-5.942324000000000161e+00
-5.875694999999999446e+00
-5.090676999999999452e+00
-4.078616000000000241e+00
-5.861969000000000207e+00
-6.588219999999999743e+00
-7.149285000000000778e+00
-5.899916000000000160e+00
-4.209079000000000015e+00
-7.290594999999999715e+00
-7.036792999999999410e+00
-7.493497999999999770e+00
-7.727195000000000036e+00
-7.218689000000000355e+00
-7.111986999999999171e+00
-6.319018999999999942e+00
-6.776796000000000930e+00
-6.430412000000000461e+00
-4.511178000000000132e+00
-5.467242999999999853e+00
-2.103806999999999761e+00
0.000000000000000000e+00
-2.681172999999999806e+00
0.000000000000000000e+00
0.000000000000000000e+00
2.103806999999999761e+00
2.681172999999999806e+00
4.511178000000000132e+00
4.209079000000000015e+00
6.319018999999999942e+00
5.467242999999999853e+00
6.430412000000000461e+00
7.111986999999999171e+00
7.218689000000000355e+00
6.776796000000000930e+00
7.727195000000000036e+00
7.290594999999999715e+00
5.899916000000000160e+00
4.078616000000000241e+00
7.493497999999999770e+00
5.090676999999999452e+00
2.583864000000000161e+00
7.036792999999999410e+00
7.149285000000000778e+00
5.875694999999999446e+00
6.588219999999999743e+00
5.942324000000000161e+00
4.849239999999999995e+00
6.101148999999999489e+00
4.093812000000000673e+00
-4.093812000000000673e+00
-6.101148999999999489e+00
