6.908549999999999969e+00
8.570071999999999690e+00
8.026569000000000287e+00
4.562772999999999968e+00
1.015780200000000022e+01
8.677279999999999660e+00
3.816141000000000449e+00
1.006119999999999948e+01
8.026569000000000287e+00
1.015780200000000022e+01
8.570071999999999690e+00
6.892100999999999367e+00
6.400980999999999810e+00
4.835249000000000130e+00
3.250564999999999927e+00
1.523266999999999927e+00
6.908549999999999969e+00
5.241136000000000017e+00
3.779880999999999602e+00
7.397139999999999826e-01
-1.236778000000000155e+00
-2.063800000000000079e-01
2.521882000000000179e+00
-5.411249999999999671e-01
-1.347154999999999880e+00
-2.311649000000000065e+00
-3.922120999999999746e+00
-4.057660000000000267e+00
-2.921920999999999768e+00
-5.281598000000000681e+00
-5.792144999999999655e+00
-5.379626999999999271e+00
-7.098199000000000147e+00
-6.451513999999999527e+00
-8.433655999999999153e+00
-7.673002999999999574e+00
-8.823216000000000392e+00
-7.098199000000000147e+00
-8.433655999999999153e+00
-5.792144999999999655e+00
-1.236778000000000155e+00
-4.057660000000000267e+00
-5.379626999999999271e+00
-5.281598000000000681e+00
-3.922120999999999746e+00
-2.311649000000000065e+00
-2.921920999999999768e+00
-1.347154999999999880e+00
-2.063800000000000079e-01
7.397139999999999826e-01
1.523266999999999927e+00
-5.411249999999999671e-01
3.250564999999999927e+00
3.816141000000000449e+00
2.521882000000000179e+00
3.779880999999999602e+00
4.835249000000000130e+00
5.241136000000000017e+00
6.400980999999999810e+00
6.892100999999999367e+00
6.060230999999999923e+00
8.626609000000000194e+00
8.626609000000000194e+00
6.060230999999999923e+00
