-2.161115999999999815e+00
4.450211000000000361e+00
6.522391000000000716e+00
9.493017999999999290e+00
2.764800000000000146e+00
6.979632999999999754e+00
9.049419999999999575e+00
5.119722000000000328e+00
6.522391000000000716e+00
2.764800000000000146e+00
4.450211000000000361e+00
5.558393999999999835e+00
3.711308000000000273e+00
5.750576000000000576e+00
7.547513000000000361e+00
8.860022999999999982e+00
-2.161115999999999815e+00
1.523789999999999867e-01
3.039979000000000209e+00
7.393921000000000632e+00
8.945297999999999305e+00
5.180479000000000056e+00
-3.848071000000000019e+00
-2.220360000000000111e-01
2.877221000000000029e+00
4.737089000000000105e+00
3.308298000000000183e+00
5.683963999999999572e+00
-2.828142999999999851e+00
6.743160000000000265e-01
6.288929000000000435e+00
-2.359213000000000005e+00
6.297794999999999810e+00
7.596752000000000393e+00
9.382530000000001147e-01
5.761779999999999902e+00
1.182458999999999927e+00
6.297794999999999810e+00
9.382530000000001147e-01
6.288929000000000435e+00
8.945297999999999305e+00
5.683963999999999572e+00
-2.359213000000000005e+00
6.743160000000000265e-01
3.308298000000000183e+00
4.737089000000000105e+00
-2.828142999999999851e+00
2.877221000000000029e+00
5.180479000000000056e+00
7.393921000000000632e+00
8.860022999999999982e+00
-2.220360000000000111e-01
7.547513000000000361e+00
9.049419999999999575e+00
-3.848071000000000019e+00
3.039979000000000209e+00
5.750576000000000576e+00
1.523789999999999867e-01
3.711308000000000273e+00
5.558393999999999835e+00
-4.896878000000000064e+00
-5.661519999999999442e+00
-5.661519999999999442e+00
-4.896878000000000064e+00
