5.861969000000000207e+00
6.908549999999999969e+00
-2.161115999999999815e+00
4.225366000000000177e+00
8.570071999999999690e+00
4.450211000000000361e+00
3.081068999999999836e+00
8.026569000000000287e+00
6.522391000000000716e+00
0.000000000000000000e+00
4.562772999999999968e+00
9.493017999999999290e+00
3.025958000000000148e+00
1.015780200000000022e+01
2.764800000000000146e+00
0.000000000000000000e+00
8.677279999999999660e+00
6.979632999999999754e+00
-2.583864000000000161e+00
3.816141000000000449e+00
9.049419999999999575e+00
0.000000000000000000e+00
1.006119999999999948e+01
5.119722000000000328e+00
-3.081068999999999836e+00
8.026569000000000287e+00
6.522391000000000716e+00
-3.025958000000000148e+00
1.015780200000000022e+01
2.764800000000000146e+00
-4.225366000000000177e+00
8.570071999999999690e+00
4.450211000000000361e+00
-4.849239999999999995e+00
6.892100999999999367e+00
5.558393999999999835e+00
-5.942324000000000161e+00
6.400980999999999810e+00
3.711308000000000273e+00
-5.875694999999999446e+00
4.835249000000000130e+00
5.750576000000000576e+00
-5.090676999999999452e+00
3.250564999999999927e+00
7.547513000000000361e+00
-4.078616000000000241e+00
1.523266999999999927e+00
8.860022999999999982e+00
-5.861969000000000207e+00
6.908549999999999969e+00
-2.161115999999999815e+00
-6.588219999999999743e+00
5.241136000000000017e+00
1.523789999999999867e-01
-7.149285000000000778e+00
3.779880999999999602e+00
3.039979000000000209e+00
-5.899916000000000160e+00
7.397139999999999826e-01
7.393921000000000632e+00
-4.209079000000000015e+00
-1.236778000000000155e+00
8.945297999999999305e+00
-7.290594999999999715e+00
-2.063800000000000079e-01
5.180479000000000056e+00
-7.036792999999999410e+00
2.521882000000000179e+00
-3.848071000000000019e+00
-7.493497999999999770e+00
-5.411249999999999671e-01
-2.220360000000000111e-01
-7.727195000000000036e+00
-1.347154999999999880e+00
2.877221000000000029e+00
-7.218689000000000355e+00
-2.311649000000000065e+00
4.737089000000000105e+00
-7.111986999999999171e+00
-3.922120999999999746e+00
3.308298000000000183e+00
-6.319018999999999942e+00
-4.057660000000000267e+00
5.683963999999999572e+00
-6.776796000000000930e+00
-2.921920999999999768e+00
-2.828142999999999851e+00
-6.430412000000000461e+00
-5.281598000000000681e+00
6.743160000000000265e-01
-4.511178000000000132e+00
-5.792144999999999655e+00
6.288929000000000435e+00
-5.467242999999999853e+00
-5.379626999999999271e+00
-2.359213000000000005e+00
-2.103806999999999761e+00
-7.098199000000000147e+00
6.297794999999999810e+00
0.000000000000000000e+00
-6.451513999999999527e+00
7.596752000000000393e+00
-2.681172999999999806e+00
-8.433655999999999153e+00
9.382530000000001147e-01
0.000000000000000000e+00
-7.673002999999999574e+00
5.761779999999999902e+00
0.000000000000000000e+00
-8.823216000000000392e+00
1.182458999999999927e+00
2.103806999999999761e+00
-7.098199000000000147e+00
6.297794999999999810e+00
2.681172999999999806e+00
-8.433655999999999153e+00
9.382530000000001147e-01
4.511178000000000132e+00
-5.792144999999999655e+00
6.288929000000000435e+00
4.209079000000000015e+00
-1.236778000000000155e+00
8.945297999999999305e+00
6.319018999999999942e+00
-4.057660000000000267e+00
5.683963999999999572e+00
5.467242999999999853e+00
-5.379626999999999271e+00
-2.359213000000000005e+00
6.430412000000000461e+00
-5.281598000000000681e+00
6.743160000000000265e-01
7.111986999999999171e+00
-3.922120999999999746e+00
3.308298000000000183e+00
7.218689000000000355e+00
-2.311649000000000065e+00
4.737089000000000105e+00
6.776796000000000930e+00
-2.921920999999999768e+00
-2.828142999999999851e+00
7.727195000000000036e+00
-1.347154999999999880e+00
2.877221000000000029e+00
7.290594999999999715e+00
-2.063800000000000079e-01
5.180479000000000056e+00
5.899916000000000160e+00
7.397139999999999826e-01
7.393921000000000632e+00
4.078616000000000241e+00
1.523266999999999927e+00
8.860022999999999982e+00
7.493497999999999770e+00
-5.411249999999999671e-01
-2.220360000000000111e-01
5.090676999999999452e+00
3.250564999999999927e+00
7.547513000000000361e+00
2.583864000000000161e+00
3.816141000000000449e+00
9.049419999999999575e+00
7.036792999999999410e+00
2.521882000000000179e+00
-3.848071000000000019e+00
7.149285000000000778e+00
3.779880999999999602e+00
3.039979000000000209e+00
5.875694999999999446e+00
4.835249000000000130e+00
5.750576000000000576e+00
6.588219999999999743e+00
5.241136000000000017e+00
1.523789999999999867e-01
5.942324000000000161e+00
6.400980999999999810e+00
3.711308000000000273e+00
4.849239999999999995e+00
6.892100999999999367e+00
5.558393999999999835e+00
6.101148999999999489e+00
6.060230999999999923e+00
-4.896878000000000064e+00
4.093812000000000673e+00
8.626609000000000194e+00
-5.661519999999999442e+00
-4.093812000000000673e+00
8.626609000000000194e+00
-5.661519999999999442e+00
-6.101148999999999489e+00
6.060230999999999923e+00
-4.896878000000000064e+00
